,Sex,Ticket_Frequency,Known family/ticket survived %,Family/ticket survival known,Title_Master,Title_Miss,Title_Mr,Title_Mrs,SibSpBin_0,SibSpBin_1,SibSpBin_2,SibSpBin_3,SibSpBin_4,SibSpBin_5+,ParchBin_0,ParchBin_1,ParchBin_2,ParchBin_3,ParchBin_4+,Family size_1,Family size_2,Family size_3,Family size_4,Family size_567,Family size_8+,DeckBin_AG,DeckBin_B,DeckBin_CF,DeckBin_DE,DeckBin_unknown_T,Pclass_1,Pclass_2,Pclass_3,Embarked_C,Embarked_Q,Embarked_S,Fare bin_0,Fare bin_0.1-4,Fare bin_12.5-13.5,Fare bin_13.5+,Fare bin_4-5,Fare bin_5-7,Fare bin_7-7.796,Fare bin_7.796-7.896,Fare bin_7.896-7.925,Fare bin_7.925-8.662,Fare bin_8.662-12.5,Age_-4,Age_11-24,Age_24-26,Age_26-27,Age_27-31,Age_31-32,Age_32-40,Age_4-11,Age_40-48,Age_48-57,Age_57+
Sex,1.0,-0.1727645147987562,-0.09470299435161351,-0.21549978171338077,0.164375389854233,-0.6760279425311364,0.9038707799836908,-0.5728606315969107,0.18888266021862074,-0.17257738390777946,-0.03665002044250387,-0.06347704560471348,0.010325724185037277,-0.009894508572935565,0.23989998391903006,-0.1304282046853879,-0.16345693570526929,-0.06452660803780262,-0.062495801647674154,0.28453737165957715,-0.16354569327090462,-0.1093868960511042,-0.12256116444304642,-0.07880770271483138,-0.016489220135504603,0.006869100583589193,-0.09445255463739491,-0.07360997664272936,-0.07063905789418538,0.13892297309704782,-0.10737066078332623,-0.02886222506919926,0.11656211432894804,-0.06656361717114258,-0.0886512093154008,0.11519341802954446,0.08528494523067792,-0.016650579331204583,-0.005976289633838576,-0.11405854702915258,-0.039941612955084256,-0.08157400603002125,0.062288602757332924,0.09658031530979114,0.006869100583589138,0.0983154225664733,-0.0072315162989816046,-0.049637941492901044,-0.14586804622361602,0.06619848704100877,0.010869427498419475,0.10561507245883534,0.052840166717979996,0.016141511875588696,-0.041699040823834806,0.03875624563655464,-0.0045335361124886195,0.012135893202428725
Ticket_Frequency,-0.1727645147987562,1.0,0.03203041604585258,0.5287056157039046,0.30516354889085145,0.10933964027070932,-0.30089212822966527,0.1090706539524035,-0.4711188368785234,0.1986220363164187,0.12604870151962969,0.19242196943292017,0.30318188103785826,0.4658708908209715,-0.5784601747360775,0.20146857912754038,0.47934203288620947,0.11121889092145162,0.31017563461196895,-0.4996960612273951,-0.012169146586656887,0.1588428854986641,0.1894216691360384,0.47264043248677606,0.5208244536122831,-0.04151953437563355,0.09565924668359886,0.10665639185400771,-0.016961639928697207,-0.09787912866944332,0.09778634283249198,-0.0453556507165293,-0.047429252548280544,0.02819273291692357,-0.11404563584708916,0.04771123083823311,0.00482687981393703,0.012397275667707357,-0.09508146819626503,0.08287934978033612,0.31913558874893627,0.36306793701233087,-0.1850352045621639,-0.16586598885122195,-0.07777238851529154,-0.11984694812560986,-0.04402285165996336,0.21483100450152487,-0.020281968107446854,-0.055934651947526115,-0.0456043127019729,-0.11879628241031087,0.013696394576386767,-0.021220560059107003,0.26529368821059784,-0.021077753435883577,-0.01769766252883587,-0.011261898638005623
Known family/ticket survived %,-0.09470299435161351,0.03203041604585258,1.0,0.13092319758085683,0.007035152296462421,0.05527338907423298,-0.09571857663931921,0.06453531086869332,-0.09386995726297964,0.18132194562909834,0.0361278297443202,-0.10860327917353597,-0.09464000657343641,-0.14055751445783238,-0.14535937800049506,0.18122487664448586,0.02447042095339869,0.047640772541117656,-0.09024851274421913,-0.16642128468281667,0.1376018377962994,0.160676196920125,0.12016614091847753,-0.12315683738829034,-0.15843733279808267,0.041533329583231825,0.20254703418477205,0.09298073210847786,0.141706307303647,-0.26723479719729526,0.2615259699939549,0.05234513405192654,-0.2691948968450642,0.17453942033833966,-0.01088036675592832,-0.14715129190539813,-0.0450245119570731,0.05481794176098655,-0.011127165645303657,0.25621197055937533,-0.09444193753270311,-0.04905672729020929,-0.09357171870605994,-0.05188624729921005,-0.0408301132215198,-0.06349565263883128,-0.0040851488018910816,0.02924888424425069,-0.09673742030119468,-0.025361542352553057,0.020178216795131026,-0.0379631834601941,0.011576707810502141,0.02860266363547064,-0.0069173515581860716,0.04772442134803436,0.07868409064647705,0.0597238684316956
Family/ticket survival known,-0.21549978171338077,0.5287056157039046,0.13092319758085683,1.0,0.1998453868976331,0.09634625133712883,-0.2979392833949157,0.18109208076552188,-0.4603790202928162,0.34473670726205086,0.1304669981835919,0.12484865504783244,0.13104407692647232,0.10791301347857116,-0.4466120061345515,0.2917727299082641,0.259120778105049,0.07859622265057792,0.11149517100052277,-0.5344050351181994,0.2140569645003779,0.25575823965375055,0.18471948283356923,0.22537543741149846,0.12164024168823587,-0.005042361360537965,0.1306414624874583,0.07357539810382141,0.04048179249645306,-0.14035937436883678,0.11294714323382972,-0.008164357191309247,-0.09103464833648627,0.054033462421576854,-0.05948101226971357,-0.009834668986493475,0.007010430446816945,0.05549068281751516,-0.06675553100766995,0.09726800823955607,0.14653697810288155,0.2337117787344125,-0.1258258890285364,-0.15256234620636797,-0.048042042278743945,-0.09500377906913082,-0.001295079492439271,0.14387770908604716,-0.018768065860456873,-0.08896581153687225,-0.024763360433104717,-0.10114027651778233,-0.004667118147342697,0.053337084152021826,0.19555026303173167,-0.04632453524136733,0.027024168187685778,-0.027719927143113474
Title_Master,0.164375389854233,0.30516354889085145,0.007035152296462421,0.1998453868976331,1.0,-0.11112235660591592,-0.26974017429038766,-0.09416418965088673,-0.22172022980712375,0.06867250560226158,0.0008798383019860903,0.12020040900051938,0.33762509971482135,0.1464614795244343,-0.38230528497589994,0.2811603640299554,0.2546718893628521,-0.017336601638181865,-0.02459338755770061,-0.2653550958103818,-0.056199076067760735,0.2062584064458648,0.060923423310460544,0.2720172603632848,0.12468737536955359,-0.006584436222862919,-0.01716834836552419,-0.01740013646383211,-0.02988982434328626,0.040823291546546375,-0.08450413357078289,-0.016933256643889224,0.0869981183824329,-0.014171578697848552,-0.009090722454160642,0.01829713326126759,-0.025360092231746453,0.11908943996655794,-0.06861267976041972,-0.08933202125069256,0.33008907468627674,0.22735194988267368,-0.07935563592604702,-0.060430289783944886,-0.032084516151051,-0.0607863756182353,-0.015063626555750402,0.46944907280689546,-0.07689441138467469,-0.05175188706940077,-0.034432855881305194,-0.10234207882831187,-0.03443285588130493,-0.09581908079600024,0.43895719177491177,-0.07620300436469257,-0.054117784122128504,-0.043598384010409226
Title_Miss,-0.6760279425311364,0.10933964027070932,0.05527338907423298,0.09634625133712883,-0.11112235660591592,1.0,-0.6132419093503291,-0.2140779644924828,0.009402777218330759,-0.08575042009374995,0.059737290090359364,0.09260820547771484,0.037960489322597976,0.05321365269664883,-0.10821954759431504,0.03802708479222707,0.1505653118751436,-0.03941396834273137,-0.05591193815660718,-0.02073598212478358,-0.06148773919015297,-0.00039180960759087064,0.07827047704937605,0.07377690517123299,0.03451283433843193,-0.005965990416970766,0.03409939698799812,-0.014751018248101143,-0.0041749444745715954,-0.0032203655805498037,-0.01387920083247175,-0.022679391971115164,0.03060037399027148,-0.01625117408345555,0.2035380661115615,-0.11522164964940605,-0.05765500605317591,0.00666691872885119,-0.028202138336407494,-0.014645062616234442,0.02670605199600189,0.054074074970837445,0.032272662366262396,-0.017613524488315192,0.020824683530936125,-0.06371492140350599,0.013765601358552907,0.1382338710338766,0.2636782426302051,-0.05760219177249976,-0.015677347000998244,-0.09283298789701154,-0.06576068372901735,-0.0821724419129105,0.12479247117822807,-0.14852456142395534,-0.09005889005795484,-0.06902925172696706
Title_Mr,0.9038707799836908,-0.30089212822966527,-0.09571857663931921,-0.2979392833949157,-0.26974017429038766,-0.6132419093503291,1.0,-0.519656252960178,0.2808613242171866,-0.1989543191285667,-0.036455722715722255,-0.11386594663861235,-0.13527464198796377,-0.07279939175170523,0.3995223863498227,-0.248862418761629,-0.269608248955957,-0.05568769850008,-0.050635569769826895,0.3932368908494736,-0.13629188396172615,-0.19608746291277201,-0.14617774106707726,-0.1942654357768291,-0.06990001350999908,0.009313333170584708,-0.08522080376891296,-0.06489292916258525,-0.05029827860600156,0.11523082596594975,-0.06580872296196703,-0.02171506217166275,0.07474181905314065,-0.05970999643467501,-0.08317344106936414,0.1056562531901938,0.09401674147524886,-0.06754803951696438,0.02317844903733614,-0.07035137355242496,-0.18123760829995472,-0.17789501868350424,0.09414162094181537,0.11987879147790059,0.020276600365095043,0.12172394324050695,-0.0012104295739794042,-0.2506288861737205,-0.11039368487395532,0.08653684024836183,0.025176538153912374,0.14642623454516607,0.0661666979094734,0.05628461845032901,-0.22974999257863402,0.07007569649943035,0.025204945769461584,0.030289357773914033
Title_Mrs,-0.5728606315969107,0.1090706539524035,0.06453531086869332,0.18109208076552188,-0.09416418965088673,-0.2140779644924828,-0.519656252960178,1.0,-0.2627763171150475,0.32584668885833323,-0.017425548988242185,-0.018502850858046073,-0.055686537561705926,-0.045857105635100585,-0.19934246488878193,0.13171970028342675,0.05016447402772254,0.12973299050075143,0.1454674950029409,-0.3565396277900419,0.2866356588395183,0.14650343326155435,0.07605258269987228,0.023029796064285787,-0.016255616423426843,-0.0021754022013441236,0.08797676763737694,0.11483862139169881,0.09052255433198898,-0.17698554637557978,0.15434678595234108,0.06467244597654986,-0.1865635466605959,0.1075724189765068,-0.10811405983304208,-0.026138368915640125,-0.04885638759055428,0.014811130814161943,0.03998364907732072,0.164199397553651,0.023750462709107818,0.048810899768837915,-0.11754592107578887,-0.1080877775883393,-0.03199321876217269,-0.05907829885006746,-0.004867832291709422,-0.0874925881238811,-0.09839071745066845,-0.023313018839232893,0.0033428390386182278,-0.03596666178792309,0.00334283903861828,0.07093775231943188,-0.08309812486701022,0.11456395944686044,0.09759931442859622,0.061128927354273624
SibSpBin_0,0.18888266021862074,-0.4711188368785234,-0.09386995726297964,-0.4603790202928162,-0.22172022980712375,0.009402777218330759,0.2808613242171866,-0.2627763171150475,1.0,-0.8287593771796314,-0.2658196298307773,-0.18186086410344382,-0.1908854288927265,-0.15719155221735986,0.4175400815324008,-0.3105726084296918,-0.19788461862954065,-0.07243790929367015,-0.10275909975374241,0.845043675206784,-0.46092614643776264,-0.3271838423448991,-0.2506855567261103,-0.2976705677960275,-0.17718732696558556,0.01869808400424485,-0.039553362855651565,-0.12316244731605547,-0.03432907197149136,0.11825704070796061,-0.08307423023710171,-0.02626173512548828,0.09340790890052371,-0.05176130896486831,0.09141141102103761,-0.012497265917352297,0.07856742013183701,-0.02145501843316536,0.009971683135779058,-0.09630941324577402,-0.19234740403662545,-0.2301095248858433,0.1633558733459804,0.1678893385888257,-0.015888527340393564,0.09216722228240423,0.008536613684857218,-0.2084643311152417,0.02424643224844358,0.012657720819287399,0.009689540807891455,0.11504288349312833,0.031241977371238305,0.02739847199185565,-0.18894650907371063,0.039287485734042914,-0.03809931888836801,-0.0030467138728161513
SibSpBin_1,-0.17257738390777946,0.1986220363164187,0.18132194562909834,0.34473670726205086,0.06867250560226158,-0.08575042009374995,-0.1989543191285667,0.32584668885833323,-0.8287593771796314,1.0,-0.10335085694698495,-0.07070763044164481,-0.07421638750800912,-0.06111618482364553,-0.2569613048061279,0.25711135789266476,0.009264546875584184,0.06964705057764568,0.1311890316686075,-0.7003378699539505,0.5829527091325248,0.27918423917022317,0.18490142401369047,-0.019561785019794404,-0.009377117416355387,0.0052604616155510235,0.058647900892848735,0.1192758720195318,0.08428525883829947,-0.1635380050964026,0.141514255460022,0.06315229133690947,-0.17421407029513813,0.10643453772403316,-0.09742422572981227,-0.03193878759005724,-0.06511348617507522,0.033052500883048674,0.0375576372922431,0.15998857993936733,0.005254885414285275,0.12759656735960642,-0.1250780465605844,-0.13416864881428794,-0.007259437029460501,-0.07253744072874982,-0.021183356161975257,0.11812330900001287,-0.08291851096515215,0.01947319630881677,0.016914607300729904,-0.07138973402883132,-0.01819303692229628,0.03196674222946795,0.021799781826264936,0.006504055128579689,0.06138167635697798,0.028674629648048844
SibSpBin_2,-0.03665002044250387,0.12604870151962969,0.0361278297443202,0.1304669981835919,0.0008798383019860903,0.059737290090359364,-0.036455722715722255,-0.017425548988242185,-0.2658196298307773,-0.10335085694698495,1.0,-0.02267905096190071,-0.023804463874537482,-0.01960265195644392,-0.06291872004948022,0.04572063915844083,0.0366490942512763,0.041344357362938754,-0.020253359270533223,-0.22462919693430108,-0.08516636828792294,0.27732700409201716,0.1853313422443915,0.1008336463547705,-0.02209623515133973,-0.026422518292930203,0.018247960377400903,0.05069027564169735,-0.04858031887291366,-0.0058882232301663805,-0.023766631804511325,0.033031503260869566,-0.0065134994418899715,0.003609408036456757,0.0007944932048842067,-0.003692019069123319,-0.020884762536205134,-0.010080012660503944,-0.04119096712079757,-0.02846961845240142,0.030549201228257633,0.0052617315032849376,-0.020348284699184663,-0.04976607500471942,0.03457761653148808,0.0008161845960541144,0.10288451518175322,0.05057324123837222,0.12312335390087968,-0.023085379268972958,-0.028356443342275536,-0.06153897091785119,0.00015245399646355174,-0.06702882046914889,0.010607312815956402,-0.034613266649751895,0.011744150565241878,-0.01306729069383281
SibSpBin_3,-0.06347704560471348,0.19242196943292017,-0.10860327917353597,0.12484865504783244,0.12020040900051938,0.09260820547771484,-0.11386594663861235,-0.018502850858046073,-0.18186086410344382,-0.07070763044164481,-0.02267905096190071,1.0,-0.016285856588163224,-0.013411181205043057,-0.18093888181153114,0.11862277006735622,0.1391241976221367,-0.009767757845146784,-0.013856363505890491,-0.15368037297825257,-0.058266687600360995,-0.04631676102310279,0.08186933049137579,0.46666341342108997,-0.01511716956574441,-0.018077002107031098,-0.02847311795737323,0.04934731313504188,-0.03323629174517038,0.007342394660419024,-0.013508285864343805,-0.04928580287021791,0.052090023772396604,-0.06349838028427685,-0.04011425679593109,0.08159002712430882,-0.014288338915554907,-0.006896254478195737,-0.038657636311511874,-0.016769500362838263,0.23241109017699563,0.049880017239115886,-0.049453600692981325,-0.034047528428042914,0.025742990037602814,-0.03424815368748035,-0.013811232228705268,0.10080597604170519,-0.03814197708910334,-0.029157957913159203,-0.019400099580340436,0.0076881860641957595,-0.019400099580340138,-0.036916663495570774,0.24079763830178771,-0.04293416375604393,-0.030490947502462704,-0.02456412544633376
SibSpBin_4,0.010325724185037277,0.30318188103785826,-0.09464000657343641,0.13104407692647232,0.33762509971482135,0.037960489322597976,-0.13527464198796377,-0.055686537561705926,-0.1908854288927265,-0.07421638750800912,-0.023804463874537482,-0.016285856588163224,1.0,-0.014076690380325664,-0.23620372375275947,0.12627712171370442,0.21374291472603793,-0.010252467757607379,-0.014543964165984698,-0.16130652437493315,-0.06115808207326962,-0.04861515882707119,-0.024095694145158362,0.5814479094596391,-0.01586733578127117,-0.018974045445714436,-0.02988605250503586,-0.04057596186887791,-0.03488559144298627,0.07036597521964419,-0.07483157235053536,-0.06773639866791431,0.12027478093368377,-0.06664938943468228,0.05973413759837964,0.020810447850017483,-0.014997375688861475,-0.007238470466493589,-0.04057596186887751,-0.07729226762029995,0.43436095435645466,0.06500125731250363,-0.053360731887457234,-0.03573708449459338,0.022839128777250174,-0.03594766547298496,-0.05237292197012553,0.18420173972663348,-0.030855270792419162,-0.030604876586992357,-0.02036279958973896,-0.060522753266878455,-0.020362799589738672,-0.04037737834372364,0.2906907626554206,-0.04506470538962098,-0.032004013728003454,-0.025783082271792386
SibSpBin_5+,-0.009894508572935565,0.4658708908209715,-0.14055751445783238,0.10791301347857116,0.1464614795244343,0.05321365269664883,-0.07279939175170523,-0.045857105635100585,-0.15719155221735986,-0.06111618482364553,-0.01960265195644392,-0.013411181205043057,-0.014076690380325664,1.0,-0.19451055112794413,-0.04159499630089252,0.3502715461810539,-0.008442767634099596,-0.01197675650732673,-0.1328337269972216,-0.05036284805759703,-0.04003392150804615,-0.019842476119855713,-0.024209718792191522,0.8871489564707676,-0.015624868135591158,-0.024610757406507113,-0.033413752248557825,-0.028727809664431808,0.05794542271888341,-0.06162278116711314,-0.05578000222430419,0.09904464482825526,-0.05488486491792312,-0.03467278307999149,0.07052239123768639,-0.012350134724238262,-0.005960781893662025,-0.033413752248557554,-0.06364913022492959,-0.02167820200394161,0.34858606217083027,-0.05590769106537548,-0.029429002601267053,-0.01562486813559117,-0.029602413170386324,-0.04312838830285566,0.014299392817728428,0.10561630884711136,-0.02520269925282689,-0.0167684882684306,-0.049839663434110254,-0.01676848826843045,-0.04666302260138609,0.09356383841902981,-0.03711017143374159,-0.026354869642342973,-0.02123201727214389
ParchBin_0,0.23989998391903006,-0.5784601747360775,-0.14535937800049506,-0.4466120061345515,-0.38230528497589994,-0.10821954759431504,0.3995223863498227,-0.19934246488878193,0.4175400815324008,-0.2569613048061279,-0.06291872004948022,-0.18093888181153114,-0.23620372375275947,-0.19451055112794413,1.0,-0.6979547571413193,-0.5553135938350063,-0.141667757127126,-0.20096730190675588,0.6829127069299359,0.014631929203097997,-0.5282567802782324,-0.30260595034554827,-0.4062336795952612,-0.21925354215794854,-0.02115557299096802,-0.11416877173708644,-0.01929252446150746,-0.01878992716971705,0.09093758046340188,-0.021942571356834757,-0.026640618881951243,0.04082440768980774,-0.04757624781103772,0.12264255738488251,-0.036072722945527935,0.06349339227420249,-0.10002059018992972,0.08261482290843422,-0.014381606295688453,-0.3358021340047303,-0.38534968033444156,0.19925876308862134,0.1442085996007105,0.06764356366328621,0.10986895010965991,-0.0028729998986326555,-0.3711143845624658,0.054315660600910566,0.0564493970908192,0.02692151417725563,0.175828545929692,0.038778937480764136,0.042238866516920576,-0.33328836041393206,0.026919392061543257,-0.0050337316502305956,-0.004825421825742141
ParchBin_1,-0.1304282046853879,0.20146857912754038,0.18122487664448586,0.2917727299082641,0.2811603640299554,0.03802708479222707,-0.248862418761629,0.13171970028342675,-0.3105726084296918,0.25711135789266476,0.04572063915844083,0.11862277006735622,0.12627712171370442,-0.04159499630089252,-0.6979547571413193,1.0,-0.1187507142798123,-0.030294859582104015,-0.042975736436598376,-0.47664217251399904,0.12719265477597033,0.482454513094189,0.04354790496746232,0.11486251048234448,-0.046886146906339035,0.03986923775993477,0.08953258933893257,0.000521292551340136,0.061138822614841805,-0.09703089196508265,0.042443830305184664,0.039091301551237835,-0.06876953307265271,0.08949886041905294,-0.06989494150973262,-0.034513052837126953,-0.04431551518481891,0.10213173610300678,-0.055674044483142865,0.03617855094376588,0.18058800174242992,0.18694234014668404,-0.1283768798541947,-0.09666366552748908,-0.05606611559990664,-0.06176993977177997,0.03616672040536758,0.2895918357122151,-0.06063055437504395,-0.03923234499302547,-0.030278957833584346,-0.11922516965939706,-0.04522434086682785,-0.055327714476287364,0.2390006538674563,-0.015136287027383332,0.06287505279797734,0.007618603398563889
ParchBin_2,-0.16345693570526929,0.47934203288620947,0.02447042095339869,0.259120778105049,0.2546718893628521,0.1505653118751436,-0.269608248955957,0.05016447402772254,-0.19788461862954065,0.009264546875584184,0.0366490942512763,0.1391241976221367,0.21374291472603793,0.3502715461810539,-0.5553135938350063,-0.1187507142798123,1.0,-0.024103492636354876,-0.03419277597026453,-0.37923070956085747,-0.14378229863857336,0.24376604239515245,0.38592093839400526,0.2613125552360945,0.30385310413061845,-0.006330779539860193,0.054956409753158464,0.0199156230950956,-0.027413691319154585,-0.02359800076111198,-0.005572028176409316,0.007244784047558782,-0.0011177154127401103,-0.022237882384359305,-0.08966563290654835,0.07670992093412116,-0.035258743848562694,0.0322656752858446,-0.03773911475557499,-0.007850683521002676,0.17708853104653713,0.2909470464625064,-0.11305583750979557,-0.08401767977481286,-0.02546932553911484,-0.0738714312825745,-0.028565219653592863,0.2266735748226299,0.014219234425019461,-0.022922725555543637,0.005794484042543333,-0.09947613183807164,0.005794484042542685,-0.03630206061302959,0.22948837380643133,-0.06179952611277215,-0.06346287367923067,-0.031955526018603894
ParchBin_3,-0.06452660803780262,0.11121889092145162,0.047640772541117656,0.07859622265057792,-0.017336601638181865,-0.03941396834273137,-0.05568769850008,0.12973299050075143,-0.07243790929367015,0.06964705057764568,0.041344357362938754,-0.009767757845146784,-0.010252467757607379,-0.008442767634099596,-0.141667757127126,-0.030294859582104015,-0.024103492636354876,1.0,-0.00872302413525441,-0.096746711504377,-0.03668074397753882,-0.02915788288172387,0.09553351076484926,0.25714281944428474,-0.009516741887052139,-0.011380051166068697,0.072319426516311,0.010289988181947603,-0.020923308986245497,-0.028261176021471497,0.0005905484808201837,0.031367985936904076,-0.026224852048565544,0.03270116702671937,-0.025253208033257285,-0.01279187209437114,-0.008994966475879038,-0.004341412826719229,-0.024336218836483334,-0.0016067876890892212,0.03486709303767529,0.08006953315984713,-0.04071921627623242,-0.021434008432105366,-0.01138005116606869,-0.021560308451549205,0.025380979756188266,-0.01610829076553182,0.014920499695266076,-0.01835586736037172,-0.012212983355532893,-0.0362996932235142,-0.01221298335553288,-0.007121473507721736,-0.01529922461012441,0.03660504955170742,0.023248030955304057,0.03617448702755194
ParchBin_4+,-0.062495801647674154,0.31017563461196895,-0.09024851274421913,0.11149517100052277,-0.02459338755770061,-0.05591193815660718,-0.050635569769826895,0.1454674950029409,-0.10275909975374241,0.1311890316686075,-0.020253359270533223,-0.013856363505890491,-0.014543964165984698,-0.01197675650732673,-0.20096730190675588,-0.042975736436598376,-0.03419277597026453,-0.00872302413525441,1.0,-0.13724312414954778,-0.052034635816839654,-0.04136284198242072,-0.0205011443638013,0.3647781236632513,0.21902422814566172,-0.01614353346720509,-0.025427708086714594,0.014597189957082049,-0.029681425323574297,0.026549012011688595,-0.03141529975899991,-0.057631611665104054,0.07442551490111972,-0.05670676039993492,-0.011995856464244182,0.05769509070816006,-0.01276009573425385,-0.0061586492222519265,-0.034522917122148236,-0.034020657025488184,0.26504071515036304,0.11358518247471136,-0.05776353911955367,-0.030405894262739847,-0.016143533467205158,-0.030585061171661928,-0.044560029173484374,-0.02285092810902301,-0.07088131863476219,-0.026039299360558984,-0.017325115911809873,-0.03325659601503128,-0.017325115911809845,0.1042264146737676,-0.02170320158596948,0.07449458095992668,-0.027229715886424973,0.05131646892146687
Family size_1,0.28453737165957715,-0.4996960612273951,-0.16642128468281667,-0.5344050351181994,-0.2653550958103818,-0.02073598212478358,0.3932368908494736,-0.3565396277900419,0.845043675206784,-0.7003378699539505,-0.22462919693430108,-0.15368037297825257,-0.16130652437493315,-0.1328337269972216,0.6829127069299359,-0.47664217251399904,-0.37923070956085747,-0.096746711504377,-0.13724312414954778,1.0,-0.5771140629155687,-0.45875362468634595,-0.22737737148499074,-0.27742214177850544,-0.14973102997906515,0.007747803217898566,-0.08791153270266505,-0.12360024483661401,-0.08467695688538127,0.17750792567705342,-0.12655061445451007,-0.03507468032366333,0.13825020018289993,-0.10787385000840397,0.12721426273490766,0.01424571368655174,0.0929743898889217,-0.0683053319953337,0.03638846502947048,-0.1375770566309191,-0.22420075604333084,-0.27029082545340005,0.20704979391817413,0.20312640897975176,0.007747803217898602,0.10677329491708758,-0.00559226129618347,-0.25343872894219616,0.027126132891249283,0.03491199869046624,0.0029893824275049295,0.1621784683234069,0.023530598162958525,0.03455242340149581,-0.22409074687023223,0.020842323760559528,-0.04503708792045608,-0.012934952352677559
Family size_2,-0.16354569327090462,-0.012169146586656887,0.1376018377962994,0.2140569645003779,-0.056199076067760735,-0.06148773919015297,-0.13629188396172615,0.2866356588395183,-0.46092614643776264,0.5829527091325248,-0.08516636828792294,-0.058266687600360995,-0.06115808207326962,-0.05036284805759703,0.014631929203097997,0.12719265477597033,-0.14378229863857336,-0.03668074397753882,-0.052034635816839654,-0.5771140629155687,1.0,-0.1739327776027401,-0.08620831674830987,-0.10518239222857227,-0.056769325703715116,-0.025869874986371506,0.06717184837315807,0.12906078946132332,0.15487779827991824,-0.20614562770983783,0.212443908683504,0.011068253674102833,-0.1928900163062937,0.15509890839313448,-0.0687771609524811,-0.09313410422555482,-0.05365682789589064,0.01016611557743468,0.04468191320816127,0.23237177905143394,-0.06332362708118752,-0.05270544064870469,-0.09202481387757962,-0.1122055766115342,0.01614459940216519,-0.027382033678868406,-0.03168252379011567,-0.045595150605093615,0.005002888585360938,0.007105625877640972,0.031871295562625745,-0.049449870547472345,-0.0074003008209419805,-0.0008835351240471254,-0.05949087165003959,0.03260141267004787,0.07511455557456956,0.023103398634780767
Family size_3,-0.1093868960511042,0.1588428854986641,0.160676196920125,0.25575823965375055,0.2062584064458648,-0.00039180960759087064,-0.19608746291277201,0.14650343326155435,-0.3271838423448991,0.27918423917022317,0.27732700409201716,-0.04631676102310279,-0.04861515882707119,-0.04003392150804615,-0.5282567802782324,0.482454513094189,0.24376604239515245,-0.02915788288172387,-0.04136284198242072,-0.45875362468634595,-0.1739327776027401,1.0,-0.06852783587805429,-0.08361051443499178,-0.04512649337638606,0.06121468009134594,0.01189197375651185,0.008519913834496028,0.022836542289791907,-0.04644891454561913,-0.001268043714061934,0.0650054907754447,-0.05219102446823056,0.053195858319735084,-0.06364148867328936,-0.0064467972332847585,-0.04265233836454292,0.10652343157072104,-0.057569373332049575,-0.0009461386553062772,0.045987907673792607,0.15885021107483094,-0.06156953409939698,-0.09244087904138894,-0.021054330421561893,-0.04734329788871073,0.0746214530672415,0.19650745950706913,-0.03568028725585545,-0.02381279319051654,-0.011772642754098112,-0.09237784734278874,0.018986617455710023,-0.03296743527002023,0.1514224021437981,-0.029482053404226112,0.030494379372822934,0.01291288598628847
Family size_4,-0.12256116444304642,0.1894216691360384,0.12016614091847753,0.18471948283356923,0.060923423310460544,0.07827047704937605,-0.14617774106707726,0.07605258269987228,-0.2506855567261103,0.18490142401369047,0.1853313422443915,0.08186933049137579,-0.024095694145158362,-0.019842476119855713,-0.30260595034554827,0.04354790496746232,0.38592093839400526,0.09553351076484926,-0.0205011443638013,-0.22737737148499074,-0.08620831674830987,-0.06852783587805429,1.0,-0.04144084750008078,-0.022366566488217287,-0.02674577855174125,0.05652145311024125,0.06392743810005688,-0.049174663676764103,-0.03432577017629851,-0.016009575156644102,0.11438332691790311,-0.07991337359202538,-0.009208767868730119,-0.05935093787560808,0.04591062523518185,-0.021140272388363357,-0.010203334270705102,0.018506224165024756,-0.020897790458604366,0.051490304854132966,0.12548086512293274,-0.0956996700130685,-0.050374926670854143,0.0034094532520744145,-0.05067176121946971,0.07517169673214527,0.2448244102694938,-0.03231670524462117,0.014798220877358876,-0.00051678974520512,-0.0403416919874163,-0.028703363764931343,0.014097728238266891,0.032455149373280735,-0.049611166166979095,-0.026554452898810345,-0.03634378397562314
Family size_567,-0.07880770271483138,0.47264043248677606,-0.12315683738829034,0.22537543741149846,0.2720172603632848,0.07377690517123299,-0.1942654357768291,0.023029796064285787,-0.2976705677960275,-0.019561785019794404,0.1008336463547705,0.46666341342108997,0.5814479094596391,-0.024209718792191522,-0.4062336795952612,0.11486251048234448,0.2613125552360945,0.25714281944428474,0.3647781236632513,-0.27742214177850544,-0.10518239222857227,-0.08361051443499178,-0.04144084750008078,1.0,-0.02728935046996141,-0.03263240805757767,0.030751755992033607,0.005865930500685692,-0.05999779322520034,0.026938744582958588,-0.03763118992209702,-0.09901932640770386,0.11373135121837345,-0.07052129535247464,0.0009812170881422521,0.06162918825691207,-0.025793154373534334,-0.012449043755649088,-0.06978434561160188,-0.04330812805921304,0.5265285257877408,0.14573920483163538,-0.09930900649386858,-0.06146222888272668,-0.007520225725203479,-0.061824395424159635,-0.07973337861729757,0.15300057979557938,-0.033019011415086806,-0.05263562924395694,-0.03502084926001611,-0.07600202176687035,-0.03502084926001538,-0.019198126031291392,0.31694532542518866,-0.031162794672646987,-0.039587212183333914,0.012066093257308183
Family size_8+,-0.016489220135504603,0.5208244536122831,-0.15843733279808267,0.12164024168823587,0.12468737536955359,0.03451283433843193,-0.06990001350999908,-0.016255616423426843,-0.17718732696558556,-0.009377117416355387,-0.02209623515133973,-0.01511716956574441,-0.01586733578127117,0.8871489564707676,-0.21925354215794854,-0.046886146906339035,0.30385310413061845,-0.009516741887052139,0.21902422814566172,-0.14973102997906515,-0.056769325703715116,-0.04512649337638606,-0.022366566488217287,-0.02728935046996141,1.0,-0.01761245168764941,-0.02774140377103458,-0.03766419607985926,-0.032382171511213684,0.0653164525486231,-0.06946159460329805,-0.06287557666325372,0.11164375960297501,-0.061866572143942485,-0.03908338371712051,0.07949329221806999,-0.01392115115974267,-0.006719031623928626,-0.03766419607985932,-0.07174570827219108,-0.024435808491712348,0.3929284475039848,-0.06301950834478431,-0.03317256069188237,-0.017612451687649397,-0.033368030198841055,-0.048614596216658035,0.007476572221574862,0.0777077455198104,-0.028408644420984494,-0.01890154764442106,-0.05617958863681778,-0.018901547644420962,-0.03509265324470679,0.078277599495914,0.02036896593950342,-0.029707378281982572,-0.023932866197136037
DeckBin_AG,0.006869100583589193,-0.04151953437563355,0.041533329583231825,-0.005042361360537965,-0.006584436222862919,-0.005965990416970766,0.009313333170584708,-0.0021754022013441236,0.01869808400424485,0.0052604616155510235,-0.026422518292930203,-0.018077002107031098,-0.018974045445714436,-0.015624868135591158,-0.02115557299096802,0.03986923775993477,-0.006330779539860193,-0.011380051166068697,-0.01614353346720509,0.007747803217898566,-0.025869874986371506,0.06121468009134594,-0.02674577855174125,-0.03263240805757767,-0.01761245168764941,1.0,-0.03317297012777663,-0.045038573453463,-0.03872236665023011,-0.2696480136385046,0.19121995237155037,-0.07518616013926137,-0.10381902992584943,0.07214279494854779,-0.04673562777288822,-0.0339343913173752,0.030827429521082507,-0.00803456945393987,-0.04503857345346291,0.17186719514342974,-0.02922016318402812,0.05048839543682812,-0.07535827260376465,-0.03966750831991572,-0.021060842433697526,-0.03990124934357892,-0.058132982792779994,0.0792676552594853,-0.08061149127788084,-0.03397085167448962,-0.022602334061833065,-0.024881165204685415,-0.02260233406183287,0.025489794940903743,-0.028313981560319272,0.054659234310073655,0.08084435879980872,0.02801306062588528
DeckBin_B,-0.09445255463739491,0.09565924668359886,0.20254703418477205,0.1306414624874583,-0.01716834836552419,0.03409939698799812,-0.08522080376891296,0.08797676763737694,-0.039553362855651565,0.058647900892848735,0.018247960377400903,-0.02847311795737323,-0.02988605250503586,-0.024610757406507113,-0.11416877173708644,0.08953258933893257,0.054956409753158464,0.072319426516311,-0.025427708086714594,-0.08791153270266505,0.06717184837315807,0.01189197375651185,0.05652145311024125,0.030751755992033607,-0.02774140377103458,-0.03317297012777663,1.0,-0.07094033662105081,-0.06099166812575361,-0.4247230626982291,0.39937758310137905,-0.11842585367484104,-0.24848145449138018,0.16159516502387786,-0.0736133698779476,-0.09579016033452131,0.06696292617689463,-0.012655264542440009,-0.0709403366210508,0.3545524031692937,-0.046024730657573946,-0.05812965938496843,-0.11869694832176944,-0.06248036243956373,-0.03317297012777677,-0.06284852833890826,-0.09156536390671437,-0.046955838825034055,0.0017843452401261762,-0.0376610822081512,0.010653790926952207,-0.05968994400214777,-0.012473592693910891,0.006950709787370477,-0.025886505035907878,0.0353609284138664,0.02018288622299037,0.1401858885832342
DeckBin_CF,-0.07360997664272936,0.10665639185400771,0.09298073210847786,0.07357539810382141,-0.01740013646383211,-0.014751018248101143,-0.06489292916258525,0.11483862139169881,-0.12316244731605547,0.1192758720195318,0.05069027564169735,0.04934731313504188,-0.04057596186887791,-0.033413752248557825,-0.01929252446150746,0.000521292551340136,0.0199156230950956,0.010289988181947603,0.014597189957082049,-0.12360024483661401,0.12906078946132332,0.008519913834496028,0.06392743810005688,0.005865930500685692,-0.03766419607985926,-0.045038573453463,-0.07094033662105081,1.0,-0.08280771104758021,-0.5766417894759572,0.4107782282612853,-0.07489357295217727,-0.29403139974163367,0.13525656400881195,-0.0629481505932753,-0.07932856884489259,-0.035599177228942104,-0.017181912245791135,-0.06771538853688805,0.39560133847122164,-0.062487266120956356,-0.09585510114911887,-0.10836654929064235,-0.08482889479881231,-0.04503857345346263,-0.08532874955516083,-0.04613744784491407,0.018398482387471726,-0.0905640442191183,0.012476264748663498,-0.012839633333833131,-0.044556190172610054,-0.030587341923048784,0.06519337746506049,-0.046190854435476526,0.024425386797623343,0.0993115127819131,0.06675105894416519
DeckBin_DE,-0.07063905789418538,-0.016961639928697207,0.141706307303647,0.04048179249645306,-0.02988982434328626,-0.0041749444745715954,-0.05029827860600156,0.09052255433198898,-0.03432907197149136,0.08428525883829947,-0.04858031887291366,-0.03323629174517038,-0.03488559144298627,-0.028727809664431808,-0.01878992716971705,0.061138822614841805,-0.027413691319154585,-0.020923308986245497,-0.029681425323574297,-0.08467695688538127,0.15487779827991824,0.022836542289791907,-0.049174663676764103,-0.05999779322520034,-0.032382171511213684,-0.03872236665023011,-0.06099166812575361,-0.08280771104758021,1.0,-0.49577357997371824,0.3737080899204227,-0.06314993520488252,-0.2715833466290904,0.09895363779922454,-0.07541677454877381,-0.039344338264557625,-0.03060675077841757,-0.0147723219169243,-0.039471261767708585,0.38133668278207294,-0.053724055718737396,-0.049781469455281106,-0.13855336846459831,-0.07293249574894539,-0.03872236665023022,-0.06136435155005587,-0.08911331133892168,-0.05481092589383682,-0.08880892819378948,-0.03481890226033311,0.039122013425821875,-0.05915482018351083,-0.0012172662704372703,0.0020355794740184873,-0.01942200502274761,0.11708798769342597,0.12060469882677739,0.07663781567335512
DeckBin_unknown_T,0.13892297309704782,-0.09787912866944332,-0.26723479719729526,-0.14035937436883678,0.040823291546546375,-0.0032203655805498037,0.11523082596594975,-0.17698554637557978,0.11825704070796061,-0.1635380050964026,-0.0058882232301663805,0.007342394660419024,0.07036597521964419,0.05794542271888341,0.09093758046340188,-0.09703089196508265,-0.02359800076111198,-0.028261176021471497,0.026549012011688595,0.17750792567705342,-0.20614562770983783,-0.04644891454561913,-0.03432577017629851,0.026938744582958588,0.0653164525486231,-0.2696480136385046,-0.4247230626982291,-0.5766417894759572,-0.49577357997371824,1.0,-0.774725639068227,0.17574917923513844,0.5262601381494455,-0.2595012716876128,0.14195133418952535,0.13871598084472675,-0.0029397781198001348,0.029796508958197566,0.12176046421258355,-0.7390592012712428,0.10836409580677155,0.10779945864515421,0.24366177359654084,0.14710847591518472,0.07810494188150013,0.14081398230165923,0.1519498325071285,0.01768107218276091,0.14096707314812884,0.04349385692653395,-0.01248955054100723,0.10507795410065157,0.03566603608102103,-0.057737456850820726,0.06604385956560023,-0.12347920336793386,-0.1773934080351893,-0.17353740929544023
Pclass_1,-0.10737066078332623,0.09778634283249198,0.2615259699939549,0.11294714323382972,-0.08450413357078289,-0.01387920083247175,-0.06580872296196703,0.15434678595234108,-0.08307423023710171,0.141514255460022,-0.023766631804511325,-0.013508285864343805,-0.07483157235053536,-0.06162278116711314,-0.021942571356834757,0.042443830305184664,-0.005572028176409316,0.0005905484808201837,-0.03141529975899991,-0.12655061445451007,0.212443908683504,-0.001268043714061934,-0.016009575156644102,-0.03763118992209702,-0.06946159460329805,0.19121995237155037,0.39937758310137905,0.4107782282612853,0.3737080899204227,-0.774725639068227,1.0,-0.2965260412344535,-0.6221717617743668,0.3257217279074322,-0.1661011614973996,-0.1817999316207195,0.04390431810789502,-0.03168746839560907,-0.17762723703758934,0.9358040803274967,-0.11524114673679463,-0.17049484971244297,-0.2972048340821252,-0.15644434010133162,-0.0830616727913673,-0.15736618928596569,-0.22927016382756515,-0.09060208028774998,-0.1770173541401758,-0.07009960189886759,-0.007567160286876478,-0.12085313076324808,-0.054180867654035215,0.05304314041802767,-0.09281116975903246,0.24560696619098007,0.2358620788425798,0.19518739421481443
Pclass_2,-0.02886222506919926,-0.0453556507165293,0.05234513405192654,-0.008164357191309247,-0.016933256643889224,-0.022679391971115164,-0.02171506217166275,0.06467244597654986,-0.02626173512548828,0.06315229133690947,0.033031503260869566,-0.04928580287021791,-0.06773639866791431,-0.05578000222430419,-0.026640618881951243,0.039091301551237835,0.007244784047558782,0.031367985936904076,-0.057631611665104054,-0.03507468032366333,0.011068253674102833,0.0650054907754447,0.11438332691790311,-0.09901932640770386,-0.06287557666325372,-0.07518616013926137,-0.11842585367484104,-0.07489357295217727,-0.06314993520488252,0.17574917923513844,-0.2965260412344535,1.0,-0.5631803952755599,-0.13467547791486897,-0.12197314546876421,0.19653223472619807,0.039690374715374434,-0.028683013393965267,0.5990274456102048,-0.21234835149774137,-0.10431452945749878,-0.08705260430509235,-0.2461599180888584,-0.12690330475522574,-0.07518616013926141,-0.14244547588005235,0.4209953256979798,0.03591232432802388,-0.028845173399066802,0.02200011234184189,0.01771272367524623,0.015295775165275591,-0.006887759392018963,0.021510667926878932,-0.031420096180398364,-0.03286868797216439,0.018956566953809158,-0.01348885106724832
